23623
21006
10922
2075
20657
9764
15079
9317
5197
2824
21110
24645
30177
6586
6125
29866
689
23466
13845
15378
25114
16902
14889
27760
16585
28718
2908
27264
11872
14958
17681
26154
4183
22682
28404
24191
30611
26362
26033
32433
6182
27949
25889
4933
9893
15617
7623
433
6472
31236
9719
7647
9948
20998
6380
24557
25573
21285
20062
14669
30098
24413
836
7014
20934
9962
28867
4746
14908
23731
31361
21651
6124
8971
14863
24579
2242
4180
6255
12043
7737
14920
21747
16733
18421
19877
15116
14940
3195
7127
29070
12071
20583
13059
12463
18895
24881
5167
18310
21156
4160
30767
32554
14603
3229
19849
27407
24162
3280
15581
24039
29677
25073
8784
18535
91
30546
11983
17874
25554
31896
2578
25304
8921
7822
9914
27441
17261
30624
27555
21540
21247
7959
30028
746
697
6532
31977
16872
10009
32405
2281
14642
23748
28436
12352
280
32423
13433
9809
19899
21534
23169
10379
1880
24715
27519
9865
17270
17708
3025
29513
5516
27121
27376
28623
8680
16147
20136
8339
28811
24806
27060
23790
11400
20402
25393
29027
25557
24277
13570
17679
12950
20135
31333
18990
12169
9612
12068
5126
20026
6684
28244
27184
10689
29423
31369
24522
1022
16146
2066
31798
5657
26545
16826
21062
17603
4450
28537
16046
27527
4715
25063
18155
14252
13407
3259
5165
17079
17119
29132
15216
23853
23532
3167
29524
12715
3733
7426
5173
29987
8411
11883
18786
3505
3220
5484
6669
1703
253
8650
458
15255
30749
3754
1116
26905
1971
22364
5687
17455
2115
2119
8306
18292
14886
19508
4633
22151
22638
15240
31791
15306
28725
18769
15798
9792
31712
24594
25229
23900
31714
26321
17144
30620
20353
23791
2178
25056
22203
27777
26340
15682
26724
16499
32594
14507
6536
26008
14897
17421
31074
18995
6287
424
5567
31117
26245
30622
27779
25399
27664
15023
26853
17693
5032
20464
20334
28042
21588
2953
7508
10327
18028
31872
28260
4067
10165
8640
5379
17157
22910
5792
14112
27832
19449
27241
26696
27623
21222
22461
4610
540
16668
18633
9978
9406
27218
28438
16843
6980
19579
15632
10548
21454
14423
6873
17579
1487
2836
6835
14400
8748
19894
17219
16274
19134
19780
28713
16001
21786
25768
7201
30109
22047
22684
4404
11815
13796
25029
6316
27660
18575
30321
8755
5524
32107
16350
14887
4258
7360
18492
5376
23905
20784
32464
25155
31185
15874
18309
8563
10859
10540
19226
23876
22130
12154
9526
15751
11730
4486
19043
30595
26727
8348
13642
23332
19254
30206
20906
13866
14182
21648
26641
31845
28016
2600
26040
23718
22342
27718
13801
2560
23132
28558
5334
12911
26619
17822
11462
17103
24635
32613
24980
97
11291
21489
5232
29180
5490
8523
4428
21833
2392
8472
31974
6988
23912
8040
4311
26101
24465
22593
21969
16584
15570
21149
2780
14309
27236
9460
24864
16997
14355
14722
16423
25057
20432
1013
9355
25170
6388
25776
32611
24506
22291
16905
1630
8914
24376
3383
25523
22843
31754
12557
31135
24730
28593
28581
30055
24083
30623
8510
13046
29031
31680
18212
22140
12910
11395
2168
11503
22091
2958
30182
1729
18245
8914
15774
10677
25441
18733
31323
16125
2416
20713
8884
8929
8438
16706
11693
23302
9663
24297
20200
11751
29974
16559
28448
23245
2440
27333
21390
23917
18034
3761
21417
17985
5413
21435
29435
32641
10017
3204
30623
8632
28789
26165
27054
20324
22324
24254
26493
23984
10819
27448
26642
20631
15549
31164
28823
9088
32194
29453
10543
8577
23237
27448
19315
6567
18470
30829
3976
31343
25449
22849
25741
9229
29631
18141
13651
12173
143
26778
12124
32645
14459
26674
31418
4094
2446
6281
29165
14271
9553
12803
668
28750
27662
17349
29144
30192
228
18190
16654
16997
12462
18641
12396
15338
8800
29268
1612
2216
10098
26815
12005
30658
10651
11113
14726
18184
32450
9271
25821
10963
16550
10283
23382
6650
10314
20018
4074
5213
14526
25295
10488
3350
26256
7216
21472
22845
27606
12
16519
3586
22815
23508
3158
1224
13547
32339
7536
24677
22919
26323
32576
30657
20284
6021
17619
8777
17204
24765
27726
8834
16286
24018
19911
4345
3274
27075
9725
12287
12655
10186
354
6460
31917
25135
15838
2967
9212
7484
8498
13957
32057
20077
4716
12780
8730
5428
17927
13609
24300
8421
17057
12083
32575
11137
20325
9327
12546
22597
14633
31287
1907
20436
11378
15478
7552
6727
21094
19461
5458
27512
14377
20598
10286
8264
8815
26538
10143
3201
3185
10510
7128
20804
28056
17783
14422
25572
16546
9601
32734
4284
18266
14627
25154
130
5868
1424
30831
31075
29390
26641
31571
20830
19794
28628
26016
8891
22817
24621
31070
10594
1911
15235
19168
31407
18146
22590
2513
17876
8984
16663
31553
8023
26433
10301
28724
15121
7390
1885
6914
19786
28067
15488
14364
4344
19073
7664
13232
13534
7983
7190
5330
2509
9484
247
30077
11405
31657
21659
26538
7325
11988
7835
9737
18771
1785
25848
4607
9612
18703
14209
12703
28143
4871
31477
16763
5398
12885
1889
12466
11552
20625
14897
12632
24353
5292
26802
21310
17859
15909
11799
14180
10725
20998
25635
27609
8338
8219
2027
8260
28584
10988
16833
12272
4006
11610
16695
16329
17084
28302
22329
10082
27269
3366
5740
12846
4123
32516
15592
18722
11851
6616
22238
23867
32086
25520
3118
24978
1344
25295
22755
18175
13232
14943
29892
16877
32325
3269
8231
15422
19682
13189
5533
20362
15841
17929
9995
31370
15401
28428
11413
8992
12184
31499
22939
8890
6742
22929
3125
7069
4664
21798
24063
11806
29375
8824
13090
16007
23080
15056
28859
18918
26902
25449
20211
21507
12114
25243
32016
32226
13878
17138
29330
6035
29831
6719
22070
10338
5409
1598
2554
22898
7822
22461
23347
6209
2447
14547
349
12225
28788
4673
5562
11816
1583
21269
23426
3632
12901
23693
30809
28001
8718
2270
17345
28560
30411
18139
5491
23912
30427
264
29999
13889
13198
2569
10755
24474
14552
14916
26431
30609
4435
13699
19843
9603
223
29799
20736
3838
28463
15505
11453
27767
10995
852
12351
21507
17233
21602
4132
526
1831
19833
1532
11813
23086
15707
17219
13911
23799
6941
10898
3400
12907
11938
27496
18385
11376
15978
24621
22178
29759
7268
2125
