27149
12874
20705
2411
32112
18409
5220
13784
10654
28532
25032
20421
9693
31050
3119
32139
28384
21906
29208
8571
8894
9368
3383
8974
30574
28323
5403
19549
10251
3223
8785
31726
25574
8111
16184
31493
5392
24913
5382
18476
30796
19245
7283
27986
13895
31770
12125
9504
28533
3282
20254
28051
521
10108
22493
31129
12308
4727
19761
29628
30561
6733
17246
22883
10300
13552
10433
7622
23191
28935
13458
26411
23913
21944
11413
2235
25324
29904
13533
7635
12363
15248
32015
7795
7869
5097
14448
27128
13592
21485
6518
7516
7487
18872
3489
7569
16759
9069
2998
21909
28099
22406
18945
14374
7850
32351
13750
1429
9195
14194
20290
6136
26039
30224
22484
27475
26642
19070
13415
10310
22948
23753
17073
13013
1168
11359
14070
10157
11263
20363
639
11779
8099
21521
29318
22806
23473
25954
15023
22475
1912
7049
266
24610
115
18356
6244
31463
5660
25762
517
14844
30920
21845
24631
31884
3535
13454
3701
17289
31208
5677
11467
29481
21031
23429
20803
20174
32501
13820
2814
31767
666
5793
19051
24281
17354
19604
25579
3968
17655
29637
22029
15168
7362
14755
12229
249
9433
25388
5457
14722
21275
19372
14150
4918
25375
22770
10686
19199
31539
2364
30247
12880
24414
13466
9552
18370
19543
11616
18893
3446
6628
5938
29479
21664
7895
24719
73
1979
17104
3710
4825
3437
17982
15403
24677
19200
16561
23493
16668
16190
9029
12804
23903
23827
23226
2163
23993
16367
14332
13564
15722
14216
6637
25226
5325
27511
3491
27836
28442
18157
9823
32520
8703
9517
31614
19900
18165
13431
12362
31346
32562
235
6999
16548
151
22208
9104
30957
23237
31941
12929
30043
1025
2896
23731
8922
27663
10778
15548
165
3865
23869
6197
4137
13473
22830
8442
6727
21330
107
19342
5690
5994
23853
24120
27667
8506
17414
9240
17006
2563
7563
18436
17962
10718
21237
10904
15590
27673
6036
20461
30265
18661
26268
21339
18716
4800
7942
5473
14979
4621
20407
12028
19526
17349
1328
17087
15693
23371
21145
31579
21978
13433
18154
19130
17798
8686
16290
18068
16120
24248
8111
18497
30507
28253
27889
2480
11873
7220
23991
24526
2334
17276
13538
2941
28804
12074
9971
18234
31989
32445
22050
3915
24906
26671
7702
26068
8088
1359
12230
14935
21882
24836
10082
27275
4198
18156
30834
12434
930
18279
6070
32293
22932
16358
22116
2995
18808
10642
30978
15645
31097
16809
3015
196
8251
15031
29986
14690
7180
12006
16737
5525
17363
3481
4980
17035
20933
7697
16604
678
8683
4658
22190
1761
18348
10526
19611
6248
12174
20413
18481
13588
23025
11918
11407
11969
19403
21711
10426
29303
3459
25969
31795
20579
12474
16105
32574
2046
4320
3224
2304
7278
7184
13479
637
9282
7302
28105
32695
26464
6576
19424
13550
9127
18640
2538
785
1453
30260
30927
1886
28379
18998
17473
13304
3987
14889
10175
18626
28560
2549
4408
13389
20449
27242
4431
31887
15192
22991
20411
16055
7239
15503
29124
20794
5184
18526
22929
3729
3891
11419
8026
30603
7476
24038
22104
26929
20479
7708
6699
20810
958
25448
24586
27680
25993
22838
8214
18809
654
1720
20690
15214
20591
18994
27464
25166
10504
28867
25800
13671
17210
14668
173
6847
9587
31416
5959
1123
8571
15285
1604
4833
19941
5889
625
7196
9703
8369
8490
4482
17532
22752
11804
25044
24569
733
7966
17375
12637
10238
21288
14560
7633
14393
27693
8545
16375
3605
16190
20032
29098
7216
21378
18165
9533
4404
16754
31797
15661
8288
15528
30794
1693
28852
3167
3267
4341
30574
11582
3868
9466
23576
24177
29788
31444
7079
4884
13555
27455
13062
11530
16281
30228
28238
7831
97
32120
5804
15240
11499
8334
1740
2199
15635
25802
16389
26331
26964
26214
26539
10881
21739
23899
10349
17093
26195
8212
10333
14916
27084
7338
5679
16949
20620
13764
30262
10995
5222
21277
13613
15254
15735
31840
19964
7595
4480
9143
27932
1314
9760
19650
11709
9433
30349
16449
4032
10445
29749
24883
4394
1789
10658
2976
21843
1094
14248
21345
16432
24113
14860
6472
31770
17230
25746
26908
22295
20821
19247
9273
17630
32618
14088
4322
12983
23549
24296
8301
4482
19117
19591
37
7278
8235
6230
32075
29956
14334
23414
22692
14336
19621
3109
7799
26476
6649
22440
92
22818
31173
15584
17304
21361
19737
18162
27995
6211
11599
20015
8409
10605
366
6921
2710
19242
27486
18018
31605
29852
32414
28844
25529
21237
11285
13591
21352
29613
6077
13799
9490
28808
12075
25757
16271
572
21550
22708
12162
20921
342
151
24624
3300
7722
9047
18894
18094
32213
18978
23001
21689
3108
23187
11814
2445
16604
27340
20098
22631
4419
30518
18993
9274
6138
16445
6654
6734
9798
25942
19984
17993
8058
20996
10280
9921
30742
12719
13790
14306
4530
2840
8531
32485
16103
31122
6100
5900
21607
24288
6033
25357
13729
13901
19726
7852
481
10022
21086
16186
16967
30287
2076
3869
30036
11976
27548
7738
7199
30551
19586
5000
6638
3795
1754
28968
21394
29188
13000
8371
28584
21255
7682
25126
26357
3027
28955
25834
27319
14989
10074
21720
3552
10075
5436
18619
2751
14564
21286
15293
6230
14
18477
21015
6978
17425
3538
9856
23754
1907
24782
16978
23453
31925
382
11307
28148
29062
28697
22258
27470
28284
20379
5327
27008
4546
2172
18297
2155
32537
25221
19443
30469
17937
25254
12024
26936
31576
2354
20790
21414
24176
26046
18356
13866
17246
8983
25736
30264
11729
6674
28959
26197
29992
18239
16515
2128
2617
30772
30225
8255
23108
17098
13107
5013
28647
18207
28025
28122
11357
13134
31332
29959
17297
2796
21247
13385
28225
11946
22352
31319
16232
27454
1516
28278
12033
6564
554
19714
26840
3157
28064
30063
5566
17438
27473
15002
12027
1186
32740
6315
17472
7479
16512
12802
32443
27071
21351
18135
2628
18000
30943
11425
20682
8428
7448
14008
17774
22086
12190
31242
22972
9033
16043
4551
22795
4103
32290
18019
25675
11159
2823
20203
28524
23821
18464
19903
671
16884
22212
11287
26643
27870
4214
29861
9162
20730
3457
24023
9122
13199
13635
6022
3819
6465
11845
29343
29796
4846
1899
19793
13360
26977
2100
13742
32331
14155
18649
17244
7625
18943
17885
20299
32718
28202
24922
3371
9866
21597
32031
13792
23080
18020
10682
20292
11726
1086
18547
14583
12024
24822
3023
28966
11710
21347
16846
4824
23426
681
21524
7111
26034
25203
15851
22276
5052
17319
15801
6935
23723
32130
2383
25283
4118
27419
26609
23957
3531
10430
2088
16777
11253
8046
7831
2821
10032
31866
23116
30713
8447
26479
21201
21065
985
14508
18470
5497
1950
24014
11050
9284
16619
11150
19226
24672
27431
466
15797
21542
25832
3813
3223
25901
5496
8576
5418
6472
28339
26650
9755
32758
10495
13088
7356
14116
29842
22081
30773
12441
24308
6978
17423
30282
16395
19564
8628
25745
3104
19856
28200
19642
29279
6038
13377
18502
6492
2327
26962
18109
23325
7295
12496
29011
8440
22670
12368
895
25089
1461
26326
15072
5704
31530
19711
21124
318
22917
1444
32347
20999
4427
9928
14129
9223
4699
16196
18007
6522
27430
15102
20608
19842
25079
30799
15235
22578
24686
10700
14513
7115
19920
23998
489
6837
32339
15296
31294
18379
3200
32702
13815
4655
31169
12046
4594
29963
25421
869
12684
6312
30511
30044
2360
28642
13288
160
14105
7551
12739
5726
17532
24237
22968
6812
13656
22254
18969
27017
21451
2623
21370
5058
20149
2185
31080
22830
13252
23680
1677
26906
25260
20612
22704
18060
21540
24523
12290
8623
11826
1875
31622
28729
21428
31406
26911
17749
31201
21138
14987
7944
28479
19023
24211
21871
12555
6735
28014
10335
17129
27654
9866
31740
1113
3283
13100
14046
23721
4579
3266
27768
26236
6069
8049
25396
11471
6053
30822
8759
31522
15380
6282
24776
4721
2139
22839
32025
15173
23177
11183
15437
5500
19001
4326
15451
6531
11073
4354
13987
10943
9097
17088
6951
31537
9356
1965
16454
26879
31979
23058
3481
29613
8937
19451
10203
21716
27992
1861
7609
2441
17359
8439
31239
6838
19592
20379
2049
12343
7730
4642
6382
3621
20369
27591
4830
24595
7876
2333
4487
29056
18466
29958
10875
8113
17549
11486
27426
13355
20902
16529
7669
6325
25255
5164
5373
15731
9309
12421
18592
10685
24417
3964
29609
1858
8988
13028
16447
6969
3484
13369
16165
23415
5242
6212
29644
8758
13930
7870
5827
8990
12358
29590
17381
7061
2890
21104
28370
17918
19891
73
25257
3200
22737
8446
19204
5997
20679
1412
29548
4243
19860
827
14824
31757
3159
23053
16887
27692
5022
9897
27803
3274
30220
19915
28647
23923
22971
17866
6533
8184
11059
16113
24364
30242
602
9381
4354
24614
8516
18421
32210
2833
20681
26686
7007
17865
16184
9896
10425
10164
18743
23688
12112
24309
22137
19622
32739
27885
30661
23653
17887
3581
4496
20414
777
2486
23426
30511
20592
8088
1309
28014
28454
22598
13143
27185
23125
14036
25250
20006
32114
8572
11487
15672
20118
30736
9707
5947
23225
19877
10895
23314
7077
14560
11685
28437
5400
12829
24734
28971
27724
11558
14762
9918
12083
27933
12267
13380
8474
25006
10137
29228
27020
3734
24496
18879
16928
30368
13615
30627
16079
22661
16211
7604
23503
13116
32091
6645
32077
27612
5239
14442
24039
6985
12581
4550
32636
25510
20487
22504
30319
19931
11289
25878
14782
3826
28221
9934
18006
26318
8557
22180
23897
20984
5008
9243
14777
27490
5984
21002
26363
16286
27750
15809
6227
15052
19319
5011
28643
28437
2410
25967
4993
15802
10251
16632
31370
13728
14809
8781
4051
17460
1102
22508
5
3847
29292
11823
16531
8601
1560
27646
17591
31968
1013
7502
9046
6255
19030
7181
17982
24113
1293
14873
5937
18281
26232
7318
28805
21472
25218
7363
4182
10194
28515
5359
3779
32418
30330
32643
9785
14041
11055
21768
19358
12105
13865
28368
22793
5328
3295
19873
24072
1176
17831
7302
28444
20566
6771
20279
27707
14406
12367
21963
24533
26823
8752
18123
26806
22700
14268
25691
14759
18599
7548
22483
12846
3552
10510
8322
2452
31279
580
144
8335
17848
2855
26314
1994
4690
27820
24323
31841
3160
10734
26621
25922
2627
999
25499
8174
28813
32308
17924
21355
28995
13044
27564
2186
16780
8487
18550
31236
24610
31062
21033
12870
17834
17215
5766
32735
16826
30773
11373
29063
3827
8320
31084
17541
21503
25944
16913
3238
10479
16103
20603
29514
16926
6780
7453
4429
4745
13923
23710
9945
4421
3714
19668
19635
21564
26377
12780
10055
18295
8145
11248
15872
5937
16580
23102
18351
940
13386
2300
10450
8341
18872
28060
17851
12609
22580
23347
17876
12660
23203
9778
20269
13983
14333
3933
31149
29544
2494
18441
28812
8254
31462
21316
26075
16221
18491
16939
12975
21385
1505
12317
3028
18131
31155
31415
10309
2257
4083
17302
1502
27596
16401
26959
27058
997
21755
22557
10721
4328
11283
18236
31283
23359
22764
3288
25799
28588
23131
25677
6691
13521
13745
12163
4076
30429
912
13790
18119
31904
5971
30446
23181
6408
14948
7393
20916
19925
1101
12653
13028
15457
11314
23402
18344
15696
10261
17063
3045
4628
13697
23710
25348
26890
25933
31515
23939
7296
16148
23605
18552
31209
30060
18619
19232
23607
20501
20232
15619
13518
29037
28913
6438
18702
28475
19462
23360
27358
15344
22972
4290
22879
7158
31505
19502
10986
15064
5918
24691
30836
24433
8673
750
4990
27344
7058
19904
9827
2359
18543
14661
8758
25830
28070
25428
18277
27606
1546
16210
29363
26215
8644
4233
16558
2000
7120
16305
8062
12045
15368
27495
26101
26715
21971
19527
7986
14488
18821
26452
3829
9783
11452
7291
11749
16288
24589
17043
27017
20220
18583
32473
5737
26194
27644
2860
15310
3355
8587
28106
3378
10035
21245
772
15090
15374
25866
19547
11586
352
28227
9443
27889
6773
5681
9759
2514
24224
7505
231
30462
27272
23050
26534
26704
2798
22243
28981
10632
16025
20316
26493
3514
3056
4432
30195
31120
14528
30428
5186
8428
8048
11713
13581
12254
19009
17593
27280
16317
23674
8354
15532
2587
9021
15834
30711
12082
8089
20906
14632
6706
29430
11217
26699
21860
18172
28991
3371
22112
32214
13057
11163
30744
16645
27773
14617
26186
13861
30825
4426
14913
22266
1498
21538
24704
8616
24959
2116
30233
15667
1916
11500
26281
6523
2725
8914
12172
15826
1076
14898
21029
18135
6257
30820
16883
23157
26881
24532
31315
1380
8711
16816
10155
7029
22665
16567
826
30354
4279
2040
22947
14235
20564
28220
22762
7320
32052
9702
31412
7033
27111
2077
20576
6846
25736
17067
13872
24701
24509
19576
9029
20993
4118
15463
25672
30218
24769
25402
20460
12650
919
26401
23775
32317
5037
982
747
21718
22746
5442
25328
18745
32067
2673
19444
8344
31818
4087
31833
2099
3702
9249
15847
13646
22574
32131
25604
32510
5413
25284
24718
19975
26528
26311
20843
7043
30229
10498
27106
14824
1421
6756
19581
32022
370
3451
10880
5403
16684
24431
19364
15101
3687
15702
13599
9401
13667
10616
21479
15558
3521
10173
12250
19703
8502
2347
15771
25842
5779
20288
18553
20102
28247
16546
3092
10054
11680
3270
24522
4770
30065
7695
4656
18540
29445
2312
8212
14882
22036
24699
24903
13061
13608
3495
4010
9279
30086
23567
1865
2580
23122
25646
26008
14976
25632
5359
30364
7164
474
18532
22355
21812
31147
6534
23479
3920
1230
5857
20585
17213
32118
30990
10142
13419
7949
14941
942
15638
6975
120
7317
19858
27132
23669
24779
320
22967
22011
9471
5929
9599
2363
20861
7915
11333
9004
17805
28618
26559
19160
243
9171
13427
2012
13072
11681
19613
8421
19855
10305
29247
24712
18942
29832
19419
13919
29198
17027
22360
30699
11410
20300
14531
23091
6959
18790
27784
706
25993
20713
15077
12580
3396
2488
18171
22926
7674
19954
29736
14853
31323
10914
11712
15976
31428
31949
7399
19998
16536
2866
8845
11887
19503
31908
14550
7156
29161
20482
21463
6931
15904
27275
511
22884
3751
9300
16363
640
30110
10000
26673
9464
27282
15763
14651
11491
14234
1218
5787
27904
16123
4877
29194
3308
12316
13884
18680
25075
16891
2737
17666
16104
9504
30246
28739
30557
10801
21420
2804
24295
16868
10169
12319
5272
11640
22956
25953
25015
26703
24566
16283
31122
32299
31823
19158
28729
28970
11575
13703
32223
3403
518
32521
31945
9736
31586
4963
6014
7963
30695
3544
8795
11631
7860
5635
23986
28802
13071
20115
20825
21168
19273
22779
31135
30335
16364
28539
8427
27203
2248
12214
10081
7524
24424
19995
35
10180
29054
13655
13732
31877
10697
2841
26969
9675
95
32013
2785
29741
2399
24793
7769
10606
14790
13846
11418
29663
26192
22621
30864
32052
11018
24494
15399
23021
5220
29116
17950
11842
10204
13039
3915
11598
14734
20659
29454
15979
15343
9016
27672
21515
15672
25179
27402
5481
21032
28514
25104
24838
3495
4278
19944
25235
18020
8713
22024
26876
16955
32085
9058
5190
14229
14891
10221
27145
18761
11868
23021
7749
32201
18739
3616
30446
18168
866
20936
32490
20877
20081
14827
20235
6250
972
989
22359
22289
22871
9783
15435
4453
21784
25961
5189
5742
15546
2129
23580
23146
11332
28019
18560
876
25555
28708
28939
13705
30526
14190
20415
9521
28074
2568
19902
10727
21636
856
24492
15706
1440
29637
10840
15374
5389
17859
24204
26814
23962
29726
15216
26157
14864
14905
13559
25195
7971
28687
2572
23398
17618
24423
328
16372
22745
15292
985
21563
5512
28514
17192
5228
29637
15752
2475
25703
32385
29330
32162
28537
18377
12681
27547
14284
28687
18186
32692
9859
9262
30964
5663
28326
3551
31255
20674
17751
32039
11693
32073
24763
22541
32516
15250
3275
12589
11882
31692
20867
7264
5678
29942
28900
14721
28525
6116
14269
2818
27393
19627
8050
16711
30547
10647
10350
29681
6560
12525
22886
26289
7184
11858
18648
3343
3125
7733
31351
14372
3173
24910
7199
5305
11074
17875
16176
3715
22562
19941
13019
9691
2293
19804
10344
6564
5417
22597
27906
18399
21497
19746
5991
15928
32032
5565
31127
22611
30575
23413
7185
28626
5484
11666
30613
7269
19764
14773
21834
18209
3759
14589
12368
7033
32476
23015
4446
23299
24354
30411
18012
30305
31113
14356
24756
10215
2941
22475
4830
23611
17362
26659
9712
21588
13669
13240
17300
25797
3896
27953
27405
32556
32267
12194
25376
32534
7628
32497
22620
19215
4496
15588
15812
19127
30128
8248
26756
28415
26410
16271
31065
5916
32276
2025
1920
9187
26638
18977
3283
12421
12441
12852
18071
13028
15774
10506
29792
27110
18928
19778
26509
6760
25870
16466
28923
10828
12671
20522
6577
954
25452
1010
25308
12573
7129
27157
10167
13033
3971
16069
18413
22356
27385
21669
25227
18345
24576
22201
19641
12946
22088
21655
19542
25740
25539
19604
11065
100
18573
16959
25428
29677
27155
15052
31186
30558
24733
14550
11295
29814
3111
8786
2449
15946
4341
29233
17772
1894
241
28822
26222
29909
5767
5738
20968
2664
26531
9203
18819
30997
3938
13816
32282
4014
15144
4685
10833
19400
62
14629
24790
19422
14587
7849
9107
24749
8731
14522
4592
22651
12863
8151
8232
21788
29317
17990
22929
1157
30352
12540
14508
26585
9387
30249
11151
5182
19330
3044
32036
28954
10012
19984
12683
29083
19272
13808
29159
19896
12335
6742
9299
8406
1955
8643
22441
23280
2624
8957
23043
9048
16502
9254
4726
15622
8252
27683
6565
15770
8675
29664
21079
2219
21031
16880
9545
6925
17240
2598
2858
16286
16198
20508
15057
15776
5075
18819
27639
25047
17221
13774
2238
13454
4613
9043
28997
4362
28516
16992
30556
24836
6976
12570
23764
15282
32724
29749
4257
25909
6180
3793
31315
9479
11820
9334
30793
17584
21029
7262
8252
25759
21854
14462
12738
4948
14725
7638
5126
25955
3099
30991
29600
27499
26096
17522
24343
180
23695
28314
27463
14074
1577
14404
8252
5527
3358
22082
24528
9201
31308
23819
12614
3968
31085
4712
14948
19476
21187
22479
31412
3809
90
27448
650
23804
26593
947
1877
31460
27990
27060
21414
29929
14763
9790
28276
18382
31673
2957
7108
10974
7692
19738
11387
4257
2562
24753
9820
9924
20474
23012
21529
24594
6792
10618
23083
2946
20380
26597
18624
1447
16654
8947
17717
28620
26519
14328
11752
6872
5393
20734
7630
2347
13299
25047
4622
7598
22611
27751
11532
8162
22184
28420
12990
30342
7944
28522
17936
30309
8586
11642
25288
23311
22473
31628
30724
11336
23303
26384
28631
10743
29117
26406
13937
4263
330
17066
28713
19816
5175
21625
5958
9789
15459
14217
18619
7055
1414
31907
32501
20404
25967
3725
913
27674
15816
13872
21815
26749
9239
96
15613
20180
5667
28722
5188
17240
32550
21980
6388
1875
10120
2251
28984
17741
7224
32138
17304
26685
19329
14154
11415
16480
12602
11506
27717
28692
3443
15772
6731
2940
20479
17050
19658
10307
26835
11665
18272
16119
3913
24505
12259
678
9199
26089
31297
28108
15978
28414
8266
2179
3797
7375
5576
15742
19823
30238
29915
4000
30956
4959
24591
12479
2862
18979
32484
21831
28458
22026
899
24491
4015
29290
20835
25053
9000
29817
531
22627
3003
24760
31620
28476
7960
15858
13311
998
13901
10533
28607
2461
20182
117
8030
2044
32176
21161
8098
4396
10727
12943
29331
23822
7859
7687
6161
16984
31303
534
14937
597
19769
198
29905
3766
31512
16040
15937
20421
26773
15359
9191
25241
30044
15731
28172
13114
21194
10352
3458
5043
4735
385
26973
11428
632
14975
5415
29758
26328
12127
14430
26016
3542
2659
10996
13884
28320
249
6826
27024
6358
23899
19761
2949
8859
5541
13295
15607
13468
7796
1006
22322
17662
17049
5987
5459
8350
5771
8813
32658
7143
4871
24969
15634
5521
7498
769
27956
16427
2606
31121
22410
20020
30547
13447
10285
27823
9296
19732
2486
12725
12628
7889
20035
26024
18478
28989
12467
2598
27323
22873
8546
29837
1791
7860
32484
31830
8642
6963
28796
9059
29599
2273
6993
5663
2664
29129
711
12040
32411
3861
30019
21011
12446
3059
14791
31904
10444
11233
23955
14084
16878
17391
7784
1485
27
7678
27011
21348
28633
24756
2986
1294
5631
26220
397
2307
20508
3277
9606
13907
15745
5912
28645
17403
25217
19264
9582
31878
28997
16113
2072
3605
24254
22463
4645
490
32290
16613
18410
11684
10076
14870
10396
25603
11410
826
3255
25342
23524
5291
8329
23605
25639
32742
2308
11948
19973
21546
23056
1438
27290
21322
31656
31254
30271
31818
9217
28140
30347
18818
5236
29042
11659
21696
19267
18808
13670
395
29802
7573
29352
11244
15132
19907
29864
27332
14986
31727
18817
23058
12784
22940
12027
1456
16661
27693
16115
7607
2225
30431
27349
4105
28941
12489
840
18214
11427
21095
13286
32031
10927
5380
30385
9396
17815
4779
14768
9483
11325
32044
8923
5654
11112
3858
12389
23054
2172
23291
16421
29340
2087
5563
23661
21208
9939
10022
3171
29477
21851
742
28711
26091
21192
27923
10811
25536
29263
16050
14700
16387
19449
9556
22398
24497
10504
8502
11449
24819
7259
21940
17315
14016
7435
25258
24064
11313
26069
14532
1964
23349
16351
32027
10698
11492
32350
4247
21227
26679
7708
28301
7101
15148
7620
32744
30272
12340
18660
10701
5765
18760
20474
24193
4111
26275
12250
21353
18795
20850
14295
20088
31450
9968
12510
6768
22155
31369
632
24178
25998
2358
27506
10509
14669
4297
6719
21973
19471
17900
22250
22674
30547
14938
2444
30751
28691
3633
3426
29679
9989
21956
30013
15574
14768
3841
12541
29662
16736
24922
592
2921
22133
16493
29094
9226
26920
27092
14506
31468
25826
22597
30655
25498
16407
25908
32126
31048
11236
9125
22501
17451
15036
12368
32727
17079
10799
8906
10708
24709
6630
2178
17481
14613
17475
21459
4348
13699
31021
12044
2123
5747
9596
14852
10100
25948
15839
14328
8965
25840
51
15787
21341
21042
5637
17743
7439
30284
5667
11442
8241
18152
23246
20163
526
8840
21776
16247
23831
25097
27946
9893
15601
18886
9940
27127
8933
16638
8346
32737
26118
17400
29057
28984
17761
7122
13330
12632
9984
7562
241
30870
4242
13804
16295
10535
950
24004
17839
15160
3181
6883
21624
22280
1424
448
3874
8874
26234
5440
24156
2357
20862
18718
32131
28906
26353
3110
26521
6490
4818
19762
17823
30668
8368
9135
27689
5504
20889
15363
5097
32381
3499
8343
27289
9796
24153
24949
31992
22348
23682
11286
32561
7822
16980
20264
4854
8608
22129
20771
32197
28203
29462
27783
17619
19695
2906
28651
19079
5600
19319
13838
28791
25579
31998
16702
27910
18669
3963
5658
11405
866
22472
25274
31372
15351
6406
31591
30833
24591
11022
18288
15537
15815
31130
17151
10408
1286
10025
8612
14797
25971
12730
26259
2866
23921
17976
11235
26361
3295
9707
10276
10804
24105
8651
29097
22445
21350
31154
24568
21308
22072
17761
7900
16136
29230
27826
21187
10798
22133
26379
13322
11650
28404
30745
28882
14293
21799
6798
15639
531
31556
27617
21827
25776
7403
24410
14299
14388
3061
20538
23372
12872
26069
10259
12363
26761
15417
317
934
16165
24358
22704
26042
29575
23581
10455
5773
22431
12056
10100
21517
29655
27659
5743
5538
1431
22673
29674
14357
15822
25431
8859
11007
28528
22692
20358
3475
23195
11243
5987
11947
9581
24457
18873
17712
3420
13909
23534
11648
27310
7041
25464
3519
6891
23342
29305
14236
12543
23973
19196
4146
29016
32170
18872
30945
6991
6195
1455
26580
20232
19373
8431
23058
32078
14470
11540
21274
27927
9554
22072
10557
15603
9652
28458
31138
9895
29271
1456
1582
26798
5429
32124
31217
25736
24652
30032
9582
7960
8323
14136
2598
29733
711
6397
25006
17496
7775
5364
20344
31807
12813
13593
8878
4803
414
22915
27032
7024
8002
24426
20238
30794
3098
23186
26668
16463
22837
27178
5176
9722
27302
27412
10787
10183
21289
21993
3893
5594
24133
19159
15389
25962
24433
12328
27230
26048
31942
24472
14179
27093
30501
18926
20489
10564
977
19848
17442
17906
21605
30781
7109
23571
16463
22656
22959
6206
18756
20774
26655
708
22104
23194
29774
19639
13891
13534
3527
20277
25053
18739
30340
12213
15422
12934
16769
14327
2549
27677
16777
16847
11396
16458
5333
824
29827
27611
10960
2326
10797
19475
5006
1513
17354
21917
32387
5567
21158
13088
8068
23306
7428
11314
14213
14069
12606
13771
30731
18557
15912
535
27986
25966
18274
19117
21051
32024
20932
26383
25126
24001
25764
29267
20587
27324
3222
5099
20040
3002
7161
10348
6862
27403
28346
18056
20995
390
9335
16637
20596
6121
27448
25183
10195
27389
22625
31680
20268
11326
27442
26362
26013
31648
28767
7458
17028
13776
15612
31212
5293
17204
14149
23195
7591
7083
9844
18781
22075
26742
22028
24565
30243
20515
21934
28303
3254
16542
28415
26517
7087
9170
32080
20190
4876
20616
22548
13115
13480
20875
14951
2007
25370
25937
24669
22267
17139
13437
20765
8251
9864
26977
8778
26048
23097
4589
11821
14497
10537
29301
3391
31365
25430
32192
30446
12950
16237
19066
12406
29143
7580
6182
2565
28425
29446
17364
19596
6467
7362
15113
4309
19275
724
1658
1721
5591
762
18621
6481
29572
13077
18136
20426
8907
31250
21883
22198
810
4052
20934
23363
11828
13638
14734
22809
19010
23825
10889
15168
12430
1035
13146
10163
12019
2136
29795
27941
19141
30372
19116
12315
4670
30917
29112
1666
29090
6927
12012
12983
17051
3279
7762
25462
12867
1571
2579
16568
19581
26572
18685
32145
3259
26068
6177
31241
11730
1758
625
9603
25502
20033
22629
5155
15302
6818
16567
31492
27611
6205
31646
4588
27686
1635
29032
5941
15742
26055
5227
12015
28233
21490
20991
29084
3755
10182
22344
23210
31610
16233
24245
3005
30553
12498
31198
8281
31591
25112
26217
18338
12023
3307
19594
20312
14611
20031
23403
9571
22303
25215
21681
30367
27478
3292
719
15155
13984
25553
20814
5643
30395
18914
19309
32346
7390
26847
19508
8016
30228
20849
32034
7720
32004
16029
5116
24913
25150
4167
29207
28337
26367
7659
19929
10678
16021
20984
16674
17742
21963
14990
5438
14334
23691
537
81
28122
17991
4976
23274
24069
22397
11158
21155
31452
19008
30641
16298
24180
24179
6022
1484
22193
10834
11295
19542
24362
25027
7197
3055
12424
21665
21389
28775
22527
27997
4446
2907
16181
30465
2875
6756
15791
23501
13403
26139
16368
23892
4675
14621
29844
25073
18622
32303
30022
9061
6575
27048
12991
22541
27548
10333
16831
13560
19520
9496
9453
8336
27634
1408
22273
10331
13429
14933
25449
24047
10817
15391
23517
21043
12908
5372
21637
16057
8363
23526
5064
2757
15719
29415
27327
26267
28048
24689
18955
29005
20398
18883
27639
26908
22959
19049
3813
3412
15424
17617
12110
24551
4342
14504
25521
19024
32734
6367
5585
32244
27568
6718
115
7665
1240
18098
11206
12580
23006
13047
15332
6421
2566
22575
7746
20320
31933
32091
13101
10197
14780
7153
10589
26613
16854
4073
24463
31291
1959
13532
13382
7982
14793
563
9972
8036
7286
17948
3115
11985
22976
2276
2693
20786
25052
29779
21296
7307
8372
24775
20729
22158
20394
26714
17228
2216
27344
20488
3599
19498
3957
1748
3967
31025
8343
30478
23208
5835
5193
28554
51
20593
21936
22475
9027
19645
17110
17704
3203
11922
12988
12546
18751
29684
29406
4614
8066
27370
32482
31955
15610
32409
19554
32724
22389
32617
30078
30468
22808
27100
3565
30912
15663
8311
885
12841
16914
1057
14326
8892
14878
14772
3992
2529
12636
25546
5323
18585
31326
1554
14642
10557
11573
18770
26138
20951
15176
19876
28816
23784
23353
8877
12966
28922
21558
18197
30386
21069
4712
9834
6708
27985
12051
14708
6364
24410
18342
4336
6925
8064
25846
9319
14874
20163
15897
8198
12476
19948
6461
17126
18547
13646
15230
8666
8761
2849
27610
21507
19160
20957
15653
30710
21974
6806
13070
10270
29486
31381
314
24934
3506
28932
28931
22345
13006
6076
22088
20091
2763
27442
18184
6073
15325
32238
26645
4265
7034
5226
28489
24241
893
25006
1767
24957
12389
22641
9518
6102
2438
4592
17676
14022
24573
32113
14672
28427
27408
1487
188
31110
1930
8052
8278
18119
23394
20541
6192
7779
14610
5617
7806
7476
28640
32395
13229
21068
6899
6819
26334
18930
2336
28824
13304
6574
17666
20075
29150
31465
5146
25155
15556
1490
31064
9426
11957
2392
16372
32681
20815
14649
4591
5548
194
5708
13608
29003
9424
3162
17462
2579
10563
8049
1490
29538
20900
16817
3432
17517
6232
23585
6619
10698
24464
5524
21194
5618
5932
6254
12464
6359
8995
32743
17509
129
19785
7432
13634
13491
10104
32738
29554
191
7945
11064
2957
1687
24825
16182
6463
5927
18078
19728
7672
21396
27189
25375
24890
28854
30498
2680
32495
9097
11729
19612
27316
10891
11658
4292
25427
13723
4128
25018
8005
17965
24305
29247
17314
7832
23569
12154
7244
26030
15421
4939
31219
6453
3885
11757
22227
30974
13733
3805
1521
23966
20456
10778
19120
15007
14932
6010
5555
14637
25877
31493
17559
13501
7156
32531
25182
26140
31357
32156
16979
2876
20415
23286
9145
31118
3665
4640
16829
6323
16055
12884
20310
24967
17170
11964
28084
4973
30350
14177
30773
4117
9447
25408
21815
11965
17140
20411
22031
5994
27286
29345
21102
4136
24641
30360
13086
13039
10826
5433
8437
25981
14521
7168
8966
13
6662
22788
15590
17046
17084
27888
12434
24927
18706
7092
25396
15139
14358
19920
28885
19628
775
781
28812
14460
1412
17816
21964
30455
5166
31116
7971
31010
22260
24336
14719
2743
18392
22178
17353
6974
13533
26325
18387
19177
23376
15352
15024
13861
26653
4810
16782
29508
14926
13445
12617
26636
9452
17887
23834
3052
2728
29402
1137
16601
5041
991
19079
872
31245
11449
19030
9244
29551
11019
11089
3247
30369
2584
31000
27597
13700
10256
32563
5632
9661
15185
27459
7585
1800
31183
24191
2894
2355
10963
20624
30249
8510
10451
28020
32655
15568
19792
24445
9938
20778
18046
16933
14181
31025
16857
23645
9625
14586
31628
28785
25845
18983
31179
20338
25476
6037
29810
8690
30052
11497
7000
31040
6717
30622
19555
20360
3039
15271
1301
31351
17263
25912
30913
4063
16849
14611
27276
21520
4668
17919
14548
8476
30708
25127
7338
3154
12982
30778
18050
9742
15185
31394
17934
2065
15705
16998
26152
30293
27354
24689
27883
23448
7987
6139
15434
25901
10609
28251
13902
25029
5833
13813
8954
6698
4326
10039
16021
18167
22865
31870
28089
17765
3874
22918
2391
20469
11000
15447
9162
27148
31791
16775
14962
14277
2907
17116
12614
8819
32306
13713
26982
29053
8506
17528
22438
254
23556
25541
25576
14286
24347
8379
11024
24599
15250
4353
31930
21646
24785
25951
2268
26467
27015
19862
3083
31547
8350
10514
10598
14034
28491
24387
27855
21672
4232
5716
1244
16092
4782
14599
14092
18473
15579
5976
26336
11573
7536
17097
27428
12348
22026
30616
27602
22479
10920
9961
26447
19165
14956
13987
21271
18594
8488
31793
18502
6877
20996
24314
14586
30416
3255
1388
17699
18376
19680
13027
6249
28692
31847
3368
2283
7879
17200
16117
1366
2413
7602
22511
16475
19121
19075
14229
20233
3687
10868
26088
12156
13220
4220
1831
20864
27154
29292
15665
6672
24295
17822
24984
32223
26149
25628
14670
27690
26837
15625
24312
16651
22874
254
20119
16889
29202
7568
32709
3533
23047
18651
16288
18827
4230
28970
21820
11561
13631
5788
2193
13499
13346
30885
28028
4347
2999
30379
76
8650
1989
28760
21554
23413
6135
7417
31574
6020
8271
19135
31308
16378
31049
32384
22076
14260
18820
21032
2153
19008
25524
6126
21500
6852
30953
19352
2953
9852
23006
17643
16171
29089
20645
11307
25102
20074
18067
9557
5303
9336
28607
9382
26896
25926
6950
14750
22622
12451
26406
11277
22565
3803
30900
15784
11177
5378
26091
27532
23899
13262
17296
31610
19621
15913
12898
5220
25211
20378
24876
14610
31168
915
183
12340
32247
10818
29541
10327
5434
13597
19538
24033
5791
20184
29398
27364
26583
9111
13456
11474
17934
2102
13786
10679
27647
21068
11957
17298
19904
17507
27510
13489
8748
14727
9901
18370
22973
13413
9390
20755
29444
10564
894
3899
15459
13188
18859
7063
706
14616
2939
25742
27180
13694
5590
15309
17870
30423
29272
7252
2142
304
18873
19183
28449
2878
14833
12251
7250
5141
3370
29824
15667
8102
10010
16830
24823
16203
181
5953
1890
680
3823
15692
29988
24151
29131
3827
4416
9364
14559
23199
13453
28263
27674
19808
6673
30455
2673
13182
24888
28412
5956
15053
5752
16996
26221
15134
29144
15915
14085
24984
29952
29470
4633
21041
21573
23477
27844
23463
21599
1894
23375
21711
15935
23611
25386
31892
13398
17308
1316
17767
10445
2292
29719
23603
22900
30630
24103
31477
10540
21738
4629
27181
27818
24438
6092
5243
20212
9485
8211
7160
30741
23655
11333
8005
10985
17899
27095
32411
12463
2888
29836
28875
23095
32748
32479
15661
32182
4419
7865
9780
19704
29159
10123
24065
19599
1460
18437
31555
15976
16653
2720
26319
25434
25693
27811
970
31668
10789
10355
29142
21011
31993
30335
23928
6009
18656
11136
14417
30051
24493
10088
18185
18779
8006
30747
23483
571
3592
29193
28314
3985
16955
19875
16359
9102
6034
11165
7443
30807
15258
22994
3421
30657
17380
21293
2065
16835
15363
8584
3699
26396
4735
8868
27201
8572
8138
10868
29400
1637
9521
4476
6946
9033
11890
24670
29879
27121
9413
9402
27818
14667
6605
10827
21982
8500
8150
22200
5106
16087
24328
21779
432
8967
17228
30816
7009
9279
19220
19486
26707
17409
29181
22967
18362
20901
22046
5250
10718
2175
27647
25552
18554
26154
730
1145
25520
2650
18818
10017
9071
28228
24090
16395
27822
16941
25095
23320
21151
29769
11206
32103
5569
21302
18498
12008
16162
31969
29831
32724
29180
8112
3357
14547
29663
2793
29402
31455
30347
28056
17876
1862
10142
17574
5071
8592
5272
10042
11524
4144
27254
6809
27948
14942
9877
21246
25202
24583
14161
26245
117
13293
15757
16854
2090
22819
20139
25460
1858
13630
16208
15383
22852
8482
235
3112
17160
25674
13
1942
24328
18344
2114
30813
29729
17147
8375
3949
6346
13740
19781
17071
10100
30150
15301
17014
11099
3743
6878
7003
16120
18192
8052
14943
27048
20626
18607
6919
10806
32582
27158
3733
3029
30884
2028
22943
2240
16976
17269
31546
20659
29289
29781
20120
11898
9016
28371
7490
8467
1594
5234
1639
29015
14923
17306
23948
17476
1952
26875
448
9383
7492
7384
26393
23216
6262
11245
9857
32262
27012
31551
7742
8809
30975
23488
22349
16950
10608
18258
10401
3724
25983
6936
31670
6719
17238
28852
1625
5341
22206
2288
27003
16923
13422
23132
4212
19683
31509
31633
18167
17418
12224
10203
23941
6804
14555
30782
29354
14373
15194
15155
15191
30414
8829
1258
21725
7147
926
13217
22076
13722
24236
4505
9056
12032
20366
17511
2517
23742
29282
12672
28639
25111
6697
14069
23337
15974
15956
10565
19592
4736
12746
6803
1196
28604
29602
14285
18112
14436
26720
16625
11832
526
8938
25574
12499
15498
24583
9054
7402
4049
12723
13806
30872
5579
3459
13981
12057
20081
7829
26861
31650
292
9159
2202
25742
26247
20328
25140
32136
8932
30049
21329
5038
13974
23827
20591
29814
5057
8039
27929
8689
7782
4439
15397
19805
27170
12930
14106
23749
23267
15523
8301
30037
26871
22511
17985
2556
19211
31661
18054
11279
10825
31182
2235
28679
6194
12435
11819
12755
22152
11560
30513
2239
3121
10799
4613
16900
22170
28108
2480
12309
31658
551
29896
10102
32008
14288
27480
11869
9211
21015
2743
14689
26126
20026
4572
12621
29771
13928
16194
12795
7925
7291
4203
32691
2091
24247
4867
24347
9152
12999
28781
15104
9666
8537
10221
26805
5028
14075
17448
25792
21064
6250
30662
5967
4970
16472
29256
4307
26034
23682
2295
22067
32209
20333
13021
3144
642
23427
17687
14868
14036
23572
22798
17800
12992
12747
12792
23165
25180
9871
20201
22533
866
21768
14320
10144
18238
22409
15834
23245
29789
10129
31350
32569
21163
9444
18147
15025
31222
21580
3797
6841
5798
18170
7757
5526
26901
4198
28492
5797
25728
17891
4687
22229
32035
10015
16481
21890
32510
3034
29169
8866
2892
30350
5749
11283
13879
4183
32062
7502
12615
21979
19150
26030
17618
25293
23341
17541
8846
24387
20167
13814
19425
24929
24305
17452
27605
14387
15808
11145
27858
3879
4082
31144
18254
5550
3958
19680
20900
4513
14673
20108
32488
22242
13634
10288
17463
8002
26884
9037
21665
26130
24536
10442
12387
30683
6755
8345
25578
30137
26490
21899
22514
9710
31683
29433
27077
11550
25240
16362
17841
1606
1301
30028
6110
4395
22435
21081
11196
27421
30378
17209
30513
27087
26665
31797
21258
2135
18351
32076
22827
21782
27702
10556
25445
19841
9382
12463
3525
8382
17629
20178
26047
7502
6410
8044
15376
6982
25137
8957
16872
2698
12213
25700
5446
21688
7118
10588
9533
31658
1778
6197
4068
5211
6373
11121
13883
31781
12954
21448
4005
22453
31109
17449
4772
32580
6675
10562
21330
495
15578
21263
21690
8913
26292
31975
23038
20565
17617
12259
14280
21312
27383
12522
7660
13959
31865
6561
29818
13861
811
14952
12762
6750
12043
20385
28572
7648
12032
28253
19151
14801
4371
18078
26857
19334
7016
30391
3450
5508
18997
10920
15859
21302
15888
18837
30876
27348
13285
14158
2307
24984
7328
4576
20353
15250
10878
2785
26005
18600
19238
23091
29656
7078
32194
9487
18239
10611
2132
1486
26642
20336
26590
24187
1836
32661
17122
21509
19357
1081
269
21618
23015
3190
23004
9816
12354
3974
29512
20285
23477
30157
1813
15190
20425
24283
14925
25615
13154
11436
31736
7016
4734
16929
11406
16032
14286
107
4923
23744
25719
1362
31578
9896
8852
23608
6558
9185
14448
2756
6487
26227
18139
10294
9862
21648
2175
3706
10173
16430
17554
28528
19993
1786
19806
31345
14260
13707
5668
18428
15479
32720
26138
23843
22389
26613
20260
6855
22821
24444
8986
20608
8355
30302
28387
19930
32077
4374
3410
24068
5653
27647
29730
10380
19951
14186
26648
20446
14341
9192
1447
13896
3614
913
30338
942
13338
19070
24089
1603
24557
6620
27073
22853
2608
12289
13930
5341
2743
8201
20584
9348
12251
10110
26320
3348
28152
27290
21043
27949
28023
29900
10494
1759
22093
10528
16377
7009
20841
7563
18737
31900
13360
3387
26264
17494
2454
5616
3879
8293
26245
19545
6702
5204
29833
3618
3158
16213
8880
3131
16240
28411
32376
12221
30192
3057
22282
11343
11369
28459
4149
12272
23056
8732
13933
27659
8816
16969
7139
5083
19272
14583
8701
9531
31408
22792
24887
12397
29818
13704
12848
8855
7764
20305
4769
25681
23851
27024
13122
25409
5971
2292
30825
25550
3715
5750
16224
29283
4293
8165
19270
9521
4142
31122
15647
6566
2947
27099
18861
13284
27624
28796
4191
30194
13551
21560
21376
18975
27558
4351
9298
23391
3208
27365
13961
3193
7574
5001
17854
6031
31572
28340
9620
16669
32345
24955
8494
10218
15231
15750
24107
5661
4429
9363
29305
5013
24830
4646
22691
22465
7776
2266
29008
23869
30082
30158
24707
31898
8718
29392
3917
15965
3977
9212
14351
6017
24852
10996
14925
25432
315
28482
10712
31109
22395
3767
11604
6187
26346
23487
11948
24222
7821
2746
28723
25754
26359
16231
24319
28353
27273
29842
19270
717
14226
625
606
9867
7244
25733
4911
5236
27390
8273
18476
28873
18120
10486
1465
679
18424
15516
19325
13774
6248
8748
17734
6163
25107
32700
16610
30348
2962
18047
1143
16299
17379
2309
32055
27191
29256
5479
21598
10742
6024
11606
6177
17050
14791
3995
22831
18102
7660
9943
11592
30543
12000
11587
18409
27253
23781
25653
31004
24463
27866
32048
1215
24901
17656
19485
19504
965
6680
19485
23821
23959
10835
29063
30440
11370
13791
30545
7947
25273
14593
11325
6752
28243
18969
29746
11411
15606
4856
10831
18337
21903
24508
2942
15451
18621
5269
4042
21388
16852
7623
8249
18801
22096
21080
23967
10136
11720
24241
30756
23037
18246
5667
6252
10528
12093
219
155
30769
7467
15705
18824
11375
27340
13885
1841
27535
22061
24921
25486
15874
10657
18623
10990
18929
13457
21083
169
2764
4058
1597
26427
10178
2232
13291
22310
19336
10884
696
20146
18022
3571
6086
4480
7437
23970
32699
29443
3252
20378
9832
14392
4685
20028
28817
7561
11368
4123
12267
7532
30604
14764
5539
24033
3841
13193
8988
8503
21272
10236
22393
8613
5814
21606
8877
22407
6004
24793
27612
22532
6144
32678
11368
4695
23056
7528
23716
17089
14681
21067
32294
7655
20953
15372
31054
11964
25533
15804
13398
10567
14348
22961
7910
24587
11331
3458
1995
31111
13045
7373
30897
29763
12412
17595
4904
29920
27243
22813
19718
8294
24349
12402
15874
12419
16253
28022
13808
19239
10844
9691
7952
8151
8465
7628
24246
15138
32282
2268
22604
15425
30251
14653
29158
2379
22538
19143
6112
19346
1718
28877
27209
12106
28895
5372
31717
6166
1821
19184
31868
20253
13999
20932
17737
3335
8343
28039
5849
20915
25286
27960
11684
12297
23022
20151
4919
21144
14114
18112
13785
3410
17585
25090
12634
25340
14033
3331
3211
14232
10864
15288
31604
22244
25860
3039
15213
18850
22975
25860
14775
29378
19202
14696
9290
15112
24650
25991
13455
22932
9282
9315
14069
16369
6919
13878
13841
23388
12011
1495
13654
16884
15167
47
10973
23966
413
3356
31588
7172
27304
23569
15608
1149
26151
15987
17217
10911
29095
13969
15774
32494
23535
31379
7187
24011
28167
22474
23302
9112
2188
26890
23576
32701
31525
25208
27168
8732
5869
16607
16518
26405
26847
25053
7312
28349
3629
30738
11539
4205
7315
7331
24753
15268
14043
6326
11416
22894
28888
17335
25178
10443
27407
31886
8332
30614
13924
4597
5392
3143
13051
10635
9832
19520
20830
6764
31614
16710
3038
30280
10190
26195
30228
23761
14997
12400
16065
17314
7168
29651
19579
28133
12926
4829
8459
467
4585
10790
23098
28524
29951
27615
19563
19439
25668
22225
29457
12952
24635
904
4749
13387
926
16949
22284
7596
18274
14207
11518
29930
25625
31995
25990
2073
30187
25017
30565
22498
28570
10618
23872
18632
3550
5271
27120
11261
5584
25626
12358
1771
2562
21057
18910
17005
18321
15101
564
24365
13402
9969
29833
1900
25992
30773
10326
18188
15370
21893
19478
2852
15695
20624
19343
28781
23391
22136
4434
22073
4121
12505
19078
22547
29225
12267
9613
27425
5418
9184
278
3118
32162
17891
1069
30909
29417
21941
7300
19393
9394
21928
12336
20421
21003
1
30027
19693
6121
3845
13203
20412
5144
21642
22685
26377
8361
5696
32435
20451
27174
8372
22824
808
25773
21982
1798
29597
6528
23284
7127
29523
9658
30160
29490
4293
8655
27042
16277
4855
17538
22596
1821
23643
9277
27493
29306
30418
740
5263
1087
4617
18130
11662
29588
16701
17400
644
21602
7589
455
28181
24589
7089
23311
26834
29388
24961
4918
31156
13929
29966
3317
107
6332
8574
10647
13328
14881
1468
22486
23735
18851
17969
584
7807
22630
23101
7154
31369
30295
31024
5523
9093
18380
30930
25703
24847
19820
15541
25152
30586
17028
1909
18523
10362
4151
23629
3128
23535
25130
25394
12670
476
22317
29318
27781
26624
1524
6171
14281
9977
31941
11185
15070
29985
8765
29720
11463
30829
1600
8484
3059
9955
22843
20473
1176
28575
24098
14477
28102
13911
15600
22467
3906
4645
24896
26255
23876
29437
28917
15936
13859
29379
9310
28910
25869
31794
21475
12796
28982
25896
28877
24903
19060
15688
32177
10647
10065
996
7665
24223
28166
31999
1532
16414
7516
17288
25938
6660
13637
3216
26472
10574
29984
20467
4260
13679
16440
15808
16824
24723
32710
30531
2651
13378
31864
19004
20300
13500
25927
30257
11182
19360
19224
20541
30051
303
32237
1369
16472
7959
22452
8682
22428
7071
16347
7916
18364
21178
31932
22414
22605
25845
27187
23390
22259
17581
28685
6394
5749
3950
11914
3430
26058
26717
22445
17171
26397
22028
28301
9732
1311
24352
24563
3791
29420
8101
15682
24808
17092
11670
31139
27194
16768
29171
12308
18555
20305
9202
13579
11989
19407
9245
15891
11417
8080
18975
31012
31025
9419
23957
15486
7057
3835
13277
11591
15267
10416
23678
2186
18062
13821
18687
12102
14947
28444
22176
29
10128
8227
4992
104
537
21672
14464
8818
5869
23398
16161
15701
13637
29761
1423
18335
25218
904
2797
28830
27831
11637
6236
2509
11796
18272
6182
5298
26123
4592
26968
27238
28323
20519
26259
2379
17863
12689
32450
15767
20977
26784
3700
10090
31121
27626
31393
6189
29340
8740
8519
4068
1037
9354
3511
14225
21310
20172
31338
30150
14972
29091
21387
4088
6629
16648
5923
8212
12705
5889
5760
24172
8856
29154
25951
30103
13608
8023
18139
8217
27685
8439
10
22888
24283
14418
23969
18668
19585
22534
10873
4498
13142
12422
19707
8270
3837
10871
12306
2989
27010
3321
2710
8434
18788
27210
17388
1117
20027
10683
2038
24215
16920
28516
13332
11865
8112
14447
21760
9890
31180
28957
20676
10601
22348
1288
30029
15511
5829
13768
9783
1829
21680
17552
879
8458
24036
20198
8361
242
14554
13439
8463
11859
28592
15721
22667
12939
209
19040
8251
24235
30731
28801
20677
29993
5732
21199
21739
24037
7035
25982
388
13505
10956
26615
24072
11950
31877
7368
19487
10170
18281
4960
21881
13069
18506
4147
16651
32657
25551
22616
21037
11894
28411
19961
24910
26979
9800
31156
24606
31593
23148
2192
27070
24627
27503
7332
7956
8020
8559
17935
16175
26867
22255
6127
10179
6166
6399
21840
9277
32164
28022
9149
10969
16903
12280
1920
2428
24246
10946
0
22945
1751
12787
1156
16479
27723
31878
4339
7954
10680
15132
31827
1666
28859
14181
1801
7705
14141
12449
24759
24976
32375
663
25439
15488
7729
19409
9645
21683
1689
27659
31595
19493
12063
29422
5675
3568
22595
26040
21178
21905
26856
1080
15921
22814
27773
10777
9300
24396
18753
368
32087
9191
13248
18095
19568
2829
17706
670
8993
32671
28098
7577
17599
10372
8334
8340
10605
24108
19897
26142
30709
18453
2043
5970
19282
15496
14060
1310
8830
22546
20145
521
18865
13492
15590
19410
9823
17437
4380
28660
12274
31712
29744
18837
10049
16288
29505
3260
25510
30805
23431
14372
667
20841
31317
4918
6621
10297
28434
19827
31544
21593
19072
19588
17647
27357
32621
964
1174
15674
28859
16805
26807
27302
28870
3982
30377
2480
14842
29549
20295
2700
12608
6513
53
20569
13573
12237
23735
10498
7572
6452
17852
30439
32287
30413
21450
18392
2113
4010
12021
6181
29350
15908
29271
19604
24139
17577
26703
19135
6037
231
2266
20477
4060
23167
30268
8253
9703
10711
15145
10636
30410
30302
29344
12311
4665
11703
28136
21995
22806
22544
11868
21495
14913
12302
4750
20071
29590
19396
3359
4785
20777
13640
18547
12377
28800
1328
25684
662
28523
31905
30141
27510
15946
4453
20880
8294
13278
29234
88
14838
30617
12685
16558
32680
3443
19773
15008
1441
15871
24732
26252
9982
15278
24200
20847
29207
1759
15374
25171
4231
21730
2257
2038
29779
11803
15837
9179
9178
25758
3961
10255
10375
1593
11297
29117
31053
24855
30898
9562
23934
6480
201
16637
27247
28914
31880
25461
22773
32122
29054
22314
17348
15574
23949
29719
17762
21713
16788
2015
3973
2893
4200
20959
16229
11431
23560
14392
8595
5500
19457
8824
14712
19548
21745
28843
5448
23369
13934
9006
27717
17157
13233
19606
21753
22499
20376
13318
19205
28931
13035
1607
22603
27515
1027
32441
30465
1647
282
12347
10630
30185
25043
3564
9446
20762
10897
18098
7908
13544
11496
25609
15824
23722
30914
14813
14638
21804
32351
23808
22694
19992
25364
22436
10769
25900
20933
10899
20463
32687
1744
6827
5363
11755
16615
21547
9981
27218
25084
12922
5315
27188
15725
32526
14820
30352
1659
18267
32398
22238
22111
11140
4888
23518
29655
27114
21544
16636
13505
18401
20228
15347
29338
8888
1571
12910
3631
29201
5096
16386
3111
4937
27003
19869
8278
19289
6027
31626
30370
10480
32590
30477
8377
7086
24480
22139
17677
32759
1056
8534
29001
12277
6997
5639
17722
790
21514
9536
10885
23334
19232
19247
20145
2705
28936
29565
26179
5601
5739
6918
801
14487
5045
8355
25460
29711
24816
27192
11698
9136
11271
16096
341
5461
8636
31132
15838
31244
1784
18980
9684
22007
96
28229
7298
29817
26012
1451
18560
6950
12581
4710
15406
17794
6516
23980
6969
3448
32529
23219
16500
18762
17541
10434
7412
10604
12556
15976
18221
1376
2062
1500
1883
4170
18556
6147
6190
5210
27985
10291
27412
7553
15982
23297
20787
12818
28718
14969
13820
28268
12458
13138
536
17269
26413
25235
22862
18606
24412
22152
20647
23254
14147
14594
28543
17093
14668
29167
12036
1608
156
14629
20051
29686
20133
27648
8918
19938
30441
23006
13823
16424
21551
31248
27610
26440
32019
7181
17376
25576
25836
6717
23574
30748
19237
12686
732
1352
5593
10630
23774
19091
15955
31204
16980
25913
17400
32150
11855
29419
32656
3684
8265
23259
594
42
8949
17958
3346
25242
9691
27190
14634
9081
10173
15507
12919
31400
27709
22635
270
24153
18310
32412
2707
3454
4316
530
14476
13963
11523
22539
30406
2068
8681
1604
31221
2618
15562
8600
16499
26559
27276
25684
30196
10173
17897
26224
5814
20652
31141
27263
155
28262
10304
22336
26567
479
9481
16894
15555
1267
3785
21110
31566
31693
11412
30388
32319
13805
5020
12189
18201
24296
7662
6982
28158
6000
26620
11693
31755
25572
16151
23751
12018
26526
3142
8167
10450
18098
2051
20198
11393
1544
6890
18742
20728
29406
1114
604
10939
10954
25164
3978
30282
14781
31500
32592
31426
30254
29975
28045
5984
24922
3164
13538
13003
25040
17802
14490
22250
27522
25744
30477
10288
14281
16972
17577
23623
22400
19946
5253
61
23138
2327
28275
29314
21479
1726
20213
24163
2588
26225
22798
23602
29911
30703
16876
14241
27662
16303
7053
1693
23410
28338
5071
18896
20063
1295
27239
25546
1630
18172
32603
30939
4305
17330
31384
19653
19946
32649
13656
17374
26522
30213
30100
3860
16899
1194
28047
3079
17916
26303
15372
30966
8115
19876
5417
21945
7192
9882
27856
7954
4937
26364
30989
1304
2988
1991
17624
24205
8776
28417
19991
31194
11471
26621
18235
12010
16926
6525
2761
26105
28529
8387
13803
13107
10053
28011
23312
8115
26213
10896
30199
183
14655
3691
21894
7175
17677
8929
32526
11479
12566
25563
23665
20641
9743
27019
25208
31290
15511
768
12792
22017
4483
31701
5149
18162
6032
4576
16954
15013
26406
16780
3111
4569
6517
2238
17968
19675
6438
16488
14248
6842
21133
32378
13519
20052
5593
381
31109
18728
32540
14497
1090
22930
12499
18991
9663
20342
1333
13545
20067
5538
2608
6138
20408
23755
26835
11824
3639
31694
15811
2082
4220
6172
5795
31456
15227
20614
17228
2151
22510
6970
17367
11065
30902
6492
1545
25038
23331
9423
26717
25388
14624
13076
16945
16345
23904
2135
14131
12879
14924
3872
20570
4252
19999
6807
25711
2427
6468
24247
5645
22843
990
15812
24948
18486
32155
8429
20248
24300
10330
26850
27865
21114
25951
25277
17426
17390
1682
7706
4187
3706
5265
24137
16195
27801
29899
31350
4044
26444
743
15126
18340
13553
31611
8315
16007
24125
6976
15112
21605
25623
19576
7520
22031
4717
25380
32146
18558
30978
10985
21113
21400
16444
18342
10665
18479
19184
8979
32107
12014
22166
28389
9355
19707
14420
12886
24490
26401
27839
15256
7578
8474
25730
16679
6887
4432
19107
21311
11011
8940
29531
3895
5817
9296
22143
1875
3303
17406
12578
23056
6612
19913
32378
7617
17459
13939
3150
12351
21750
11642
23877
12618
20059
27792
8212
9482
420
23858
13854
14799
349
17538
31028
592
804
22920
7399
8926
24748
3096
13974
24104
22584
31575
16268
20773
10756
2404
13481
25415
30743
25777
26177
27432
25178
15183
25764
10324
18591
182
316
18738
8631
5662
14997
27081
20776
21832
18443
7566
11602
711
11892
27155
20393
11721
5537
19741
28001
12738
21660
4310
9669
32407
9859
16313
18888
17732
14740
17812
7755
4019
30379
7616
24183
12072
3567
2624
18104
12879
6775
20857
794
32128
15208
32720
32408
27084
7647
26473
25469
24947
30714
32385
2338
28515
28861
21465
31753
29371
3798
9936
23151
31298
22452
4470
14397
29806
2876
19832
19455
1067
32088
19633
7485
17502
14896
25229
29541
17567
19960
29780
24515
9349
20103
24003
30375
1701
4142
30316
1778
10907
18106
11127
12677
17831
5610
27859
12718
18823
29094
30601
32513
17994
32548
23274
2896
20921
418
22174
29472
30928
28483
21302
13360
4535
22813
12415
14796
12135
13063
28568
2564
26426
27022
3199
11060
11215
28696
27608
24208
27242
31469
13727
7888
14997
19753
30859
8002
20818
13340
19507
23652
26333
30602
25325
25750
27727
25155
31341
23675
15663
1242
10467
29057
9304
27398
1513
17484
7438
10639
8089
7402
6316
1664
7104
31151
9826
15919
8324
27957
29942
32421
19484
2857
29872
28259
20139
26398
2962
21778
25498
26190
14127
9864
20167
9238
22793
8212
16583
29476
5657
2261
5837
10933
1950
22096
22861
28401
23641
10056
6879
31237
9397
7723
27807
27161
19422
5161
18616
142
2283
13324
19605
500
609
27956
20033
20721
16914
25015
27888
23506
29645
27219
14282
17
815
19316
19401
16509
31614
23785
27056
26480
3020
8165
11454
17857
9785
4206
28285
6560
11737
24441
11086
23091
7658
4765
20578
9890
3825
16871
23060
31757
28365
1598
32152
20600
14606
27935
21099
13632
16683
10431
17972
22921
847
3847
25432
32118
5098
16230
31661
30994
19970
13740
32067
31793
11036
436
7020
32048
1904
26455
19121
20041
17776
23458
15453
21874
31409
14644
21307
15
7862
4540
29881
21216
19906
14196
17464
24582
24197
5239
12852
6531
15079
24678
32177
14713
3338
21757
1607
27175
29339
31556
26365
3408
21451
23594
5799
26894
20517
27502
8645
24198
32282
14633
1552
16140
21515
29001
14579
13856
16642
7176
8975
29821
24630
17608
26012
4231
14288
31910
4960
11161
32366
16603
3027
9990
9296
8773
15275
12220
8691
3168
15906
18932
22103
17998
31229
1163
5644
17983
32589
16216
31634
875
1568
20336
3111
1206
2647
9978
11530
11735
17916
16811
4065
7747
4837
11742
8744
16430
24820
28255
30518
14659
1026
31003
13020
12164
11709
4945
20325
4654
12117
9627
15244
11057
31619
10801
12960
21428
10546
21198
10459
29897
5210
19930
23335
8958
978
8808
6649
31555
8206
5777
24673
20365
32585
24860
16087
25769
21100
128
31788
20057
1741
16729
4756
28631
22916
10803
20069
8318
30377
29748
16172
6227
13390
11673
19204
9172
2258
14319
32453
25817
10513
14338
26136
21583
19479
15048
29164
6425
5111
5147
17593
30451
7399
9617
12489
6764
31038
2493
104
26079
23454
559
8529
32603
24836
1906
4739
30121
28527
8386
17127
4978
32537
28090
3493
29052
15284
27452
28291
3609
13868
11820
1438
29204
14705
26351
10433
16334
9253
13838
29656
6373
3999
20293
26545
22320
23211
20500
8396
28711
15444
23721
4639
363
13587
19118
12632
22972
27214
28943
26849
19446
12789
814
24452
10360
10472
20435
25736
16583
2622
5602
26756
24015
28856
26884
14060
31467
2728
28517
3204
29906
11542
14762
31263
22140
6271
3194
31312
26753
12973
22114
985
19759
30521
30879
12439
22112
24429
18642
30838
20103
11746
11189
13329
28202
12472
11071
30458
18715
23804
19965
27177
23086
17150
2728
15811
30361
22654
2385
31620
13180
26316
5247
22209
21671
26952
12856
21818
3941
25979
13292
5733
31630
31554
32114
26503
3287
5791
31192
5135
6342
12064
10214
7659
24258
26715
28258
3712
5000
25935
27211
12214
12077
32382
20368
9312
17317
15401
1144
682
12550
22532
4034
23080
7416
12124
3106
20760
20993
26955
6462
32433
17381
15588
14961
321
2142
32503
18418
4641
21787
11290
11904
30632
4640
3895
2773
17549
12248
16522
18199
27158
26972
17788
30000
32733
21886
6615
15770
31153
11343
8079
3510
31284
14243
25140
26253
26075
10844
7106
15510
16473
17159
15460
27862
9807
23189
14442
30151
5023
23775
4831
14337
7628
27511
2279
19547
4720
11453
1315
27794
2421
406
21229
1729
8980
6762
23853
22037
16201
7641
12290
4799
4341
32173
16108
10395
31865
17144
31075
7610
22318
20615
31433
17993
13072
15321
29786
27202
19766
15669
7772
19645
24300
6625
16153
20325
17232
29611
15337
28778
31855
8394
23819
22062
3433
6695
8956
4390
8838
26781
24282
30065
4496
19752
21503
20124
13027
12833
23387
28565
18644
8853
11818
8333
10055
30770
16701
16297
4721
1479
3891
1613
29412
11942
24259
12395
25234
2324
7619
11048
7260
14193
4727
26758
29021
24219
23146
9839
29836
22171
10060
15606
28729
30879
12747
12734
23472
16070
23889
4769
25066
9839
28939
18266
6540
3870
8420
757
27097
23587
17612
30627
7823
7441
1579
12026
28651
21829
17008
6221
2261
6847
15106
12743
9738
8775
11370
990
11633
31408
23219
29539
7104
691
276
5836
21186
7391
10731
11269
22879
2476
6979
32689
27608
21717
6711
25096
18029
15485
23170
21576
4219
7805
31563
14792
16518
18199
154
21661
26046
29880
2414
21347
23521
22322
28005
10085
32432
2220
7364
19042
17409
30534
18440
12401
566
654
5568
15973
2548
4334
9333
17684
23577
11943
13200
25852
8172
29074
29938
26030
14885
31906
7419
22965
18662
9705
8552
24913
10846
24202
24906
3681
8020
133
24306
10655
13473
2582
2096
20077
13403
7621
12999
30765
1221
21553
12385
26190
22489
2969
4161
18660
18723
13595
12969
9294
20708
23949
8630
29637
22434
29425
26682
24299
17929
10035
15638
11286
13663
15073
14157
23291
28317
21964
2733
1051
23878
23788
19955
15806
9779
14209
18390
23242
22829
17278
20481
19160
19909
28926
25501
5489
25821
16799
1378
12443
22061
30138
12711
8267
23841
19225
6036
16784
6484
6933
19443
29495
18752
23424
1239
25354
22930
8364
8836
21229
31789
3390
8472
30274
3858
2178
12943
28993
3183
27551
26752
30647
16128
28062
29979
25710
7327
12470
12335
1258
15720
12856
9347
18650
15126
23212
7765
6521
7547
15326
9958
30129
27991
8295
4682
32322
19081
17072
29830
12623
22793
12818
6154
2698
14625
20779
4032
11437
27117
6434
21347
10848
15675
3487
6363
7575
24958
13793
4044
24275
6979
1329
12438
6645
18677
8399
9601
29119
23298
1101
13003
26710
3846
30935
13392
7214
21230
9326
2655
460
7801
29554
5253
30472
24324
9912
13419
7566
6606
21810
5611
10621
10373
1073
24244
10413
5260
18714
1329
29511
2954
17179
28450
30739
19216
19021
16808
14968
19985
25894
21696
10797
13336
26077
20735
24206
29001
6562
5144
612
14416
12182
19301
32631
6216
31139
27037
347
15065
22339
16801
20206
16041
31103
20856
18356
18969
19731
26136
2898
28199
25228
6664
18880
2646
18518
23395
26612
31178
30362
20047
27441
14420
28452
31444
9606
14875
29626
27358
26862
6379
3982
4400
10743
20889
13629
27151
11161
5677
7056
14737
7546
30564
1258
16963
27015
31085
6151
8246
25710
7051
32028
3300
32423
24738
367
23340
25873
7142
29934
31858
27080
30886
9919
27284
16114
12079
32034
31820
4292
25719
7875
24918
5439
2169
30892
10668
3914
8094
27991
17306
32314
22629
5636
11909
15704
12841
31626
27165
16125
6385
5878
8634
28943
27214
29598
12198
4673
13329
3737
10194
10715
3391
16671
6127
26866
3643
31574
327
3719
4778
30229
2200
1757
19589
28737
1801
12847
29351
729
4895
9112
11097
10219
22701
1471
25006
6306
3671
11399
8419
26323
32203
26580
23740
25071
13988
3938
5545
11972
27146
5270
8798
688
7045
29469
13768
5632
3825
6209
9282
6196
13228
10368
6257
27618
94
15173
21500
2757
26617
19529
9245
4553
26205
13896
24230
7908
10592
11498
25043
13759
18778
23697
31737
23391
31581
22022
20239
6886
6520
27821
11183
15709
28213
1072
7159
8858
24051
9808
2857
27513
32041
18246
4643
22850
22218
2024
19713
8611
32629
5352
22614
15609
8400
25098
23500
30822
8555
17071
16998
771
24212
9519
23326
22230
20185
10383
6772
30300
22433
23514
4303
18025
18969
2849
29685
1970
30899
1193
20649
24737
11653
19038
8696
27798
6509
2456
5937
16988
23546
7107
26992
31970
32648
2385
31804
32044
2730
30460
24163
3048
21220
16256
2620
5389
17394
28378
20940
26956
13169
27344
11967
20817
27938
376
10785
32215
27603
9684
20569
19730
30738
986
7104
10113
10229
27879
2505
16238
7573
20381
4958
12701
849
23377
21030
27416
9189
25754
4790
15974
16887
6528
23332
13777
30552
22490
31116
6175
25795
5742
26732
15736
23348
3533
19241
13659
18300
24509
10830
10185
15622
10537
32048
13086
16797
24694
1658
28110
14130
27921
18466
22227
23941
8465
4960
15855
21477
3489
7353
2503
3690
12203
13302
7023
28967
23551
28923
18594
15809
3638
19181
24701
2617
19296
15560
5183
21402
21468
24820
28160
32744
11867
13549
24797
30950
28528
26859
14832
29966
15704
4813
5724
19805
14736
30031
21694
17425
764
14960
11211
27516
26643
1200
27333
22762
2046
25297
16942
11797
10605
23355
17819
3151
26183
29206
13668
3481
3949
24181
3455
15118
25639
26370
4772
3473
29676
19277
28888
8763
3860
6908
14934
7477
17808
15334
12182
21559
1786
17661
29689
10088
23831
20990
13327
1254
21394
27585
29194
14922
30574
8359
2708
19556
28288
14809
8158
24572
30249
14127
4195
12034
29265
20001
955
2298
3914
29644
8514
19521
5594
30109
22224
19165
8444
9431
18455
2118
22956
30790
31480
26152
8753
2795
5796
12723
12986
5006
32402
28960
3417
30065
3837
18045
24594
28944
6087
21841
26511
6206
25468
3586
24915
11607
23787
2906
3712
5500
9508
8546
24265
8673
31413
11750
2306
5127
3970
28310
28926
25082
3382
12232
20307
31707
12500
24750
31979
24192
964
22992
11172
18215
32336
25825
4973
8654
10275
22534
14018
14688
29503
23689
32492
25782
3909
19907
30997
3264
15639
24352
28595
9317
9185
19767
5827
14823
6689
4787
17291
206
10318
22080
21095
4704
6454
24804
29366
13253
1197
7951
20216
15590
23800
27266
7485
27786
8239
9797
7552
1150
2997
14580
29561
24592
24030
18000
1406
19440
16469
25894
18406
3090
8439
22628
27113
4890
14540
13190
26935
23360
8480
26803
26100
17674
14330
15922
32504
8715
12688
9711
13766
12552
22483
7873
27976
21127
30973
25678
25358
30038
5743
1823
23554
24538
11744
9985
28149
10972
29980
23837
27656
21788
28676
18776
30501
31173
15578
25093
25696
31807
11998
8395
6607
3205
11324
20580
8851
3389
24934
11688
15221
23433
14933
26308
28157
19186
3704
11694
9162
26385
21144
19205
31865
14849
22451
18501
24983
11873
8996
16377
18341
25059
13355
15943
27088
11086
26764
3863
30305
13605
19470
1645
9432
13245
27927
17606
18531
2048
23408
19251
17369
330
20234
24987
19571
28279
30593
32265
14447
15978
25637
27182
20200
12898
29119
2003
1122
5863
26936
4049
5835
6056
20565
12094
14575
31587
23020
20567
21566
1110
23481
31645
23571
13950
24661
17173
28729
32317
1734
26976
27075
8162
21369
31843
27469
26034
21001
7769
2838
5628
4501
27393
12636
17222
23230
4248
2950
16005
15386
11404
24976
31787
17552
30440
8079
4370
24178
15338
23062
3414
17300
32028
3032
26069
21581
20942
1181
13604
4929
28102
15273
30858
31127
18069
4449
14190
19928
16394
31531
3335
28914
17166
10570
28247
25020
16302
25346
17457
10736
26763
20998
21114
7404
6536
20478
31909
21577
20213
32341
18218
17788
4297
19724
2731
3136
5017
27472
10854
20046
11944
28659
4912
21280
7685
6168
3016
13035
9717
18755
28115
27582
24704
16842
27402
3450
4117
32350
5714
10060
12708
20686
11725
3315
21351
22822
30582
7752
25410
21952
3614
32688
15728
18656
1805
5717
23141
27693
16593
9406
24924
12907
12452
1515
17279
3476
18181
29121
26644
10370
16184
12627
30556
32625
9129
20593
27756
22050
7440
24476
19959
12488
22322
27553
21945
12084
12611
709
32571
22470
14780
10544
12591
21959
10739
27524
19856
30533
10820
12804
32216
17189
21473
6882
12524
2016
12734
26664
28600
16517
13841
21350
29629
16205
2144
2663
5743
2976
23531
22399
2407
915
21059
23144
1773
26418
13736
24240
20083
3287
8629
5061
13710
7863
12194
21534
22555
677
28555
12120
26108
14939
24940
9885
26831
14477
29945
25776
377
136
3845
26261
28489
26278
27260
17570
3667
17426
18707
12004
16807
